(0.0, 0.0)
(1.25, 1.18)
(3.88, 2.31)
(4.73, 1.11)
(6.22, 2.08)
(7.69, 1.44)
(8.71, 1.54)
(10.05, 2.39)
(11.22, 2.7)
(12.3, 2.52)
(13.17, 3.54)
(14.52, 4.39)
(16.03, 3.94)
(17.15, 4.28)
(18.43, 5.0)
(19.28, 4.24)
(20.53, 4.49)
(21.61, 4.45)
(22.52, 4.03)
(23.85, 5.7)
(25.05, 6.03)
(26.1, 5.94)
(27.25, 6.58)
(28.2, 6.28)
(29.45, 6.95)
(30.39, 6.76)
(31.22, 6.43)
(32.12, 5.58)
(33.48, 7.04)
(35.34, 7.96)
(36.59, 8.79)
(37.7, 9.02)
(38.66, 8.7)
(39.82, 9.54)
(41.06, 10.73)
(42.53, 10.63)
(43.73, 11.33)
(44.71, 10.99)
(45.83, 11.82)
(46.98, 12.59)
(47.94, 12.31)
(48.99, 12.94)
(50.01, 13.19)
(51.0, 12.47)
(53.38, 14.81)
(54.38, 15.07)
(55.53, 15.68)
(56.53, 15.96)
(57.69, 17.12)
(58.71, 17.31)
(59.75, 17.4)
(60.81, 19.4)
(61.84, 19.19)
(62.9, 18.84)
(63.75, 19.54)
(64.82, 20.18)
(65.75, 20.84)
(66.81, 21.75)
(67.81, 21.68)
(68.78, 21.47)
(69.81, 22.9)
(70.82, 23.48)
(71.78, 24.05)
(72.76, 24.17)
(73.63, 26.13)
(74.71, 25.52)
(75.65, 26.53)
(76.58, 27.53)
(77.6, 27.67)
(78.64, 28.42)
(80.1, 28.73)
(80.99, 29.68)
(81.88, 30.95)
(82.82, 31.56)
(83.73, 32.59)
(84.7, 32.24)
(86.15, 32.92)
(86.96, 34.25)
(87.78, 35.34)
(88.84, 35.22)
(90.02, 36.81)
(91.0, 37.08)
(92.02, 37.26)
(93.41, 38.12)
(94.53, 40.23)
(96.03, 40.28)
(97.19, 41.77)
(98.07, 42.58)
(99.42, 43.45)
(101.11, 44.85)
(102.25, 46.07)
(103.51, 47.3)
(104.84, 48.31)
(105.71, 48.76)
(106.65, 49.16)
(108.48, 51.66)
(109.42, 52.03)
(110.25, 52.76)
(111.17, 53.29)
(112.37, 54.31)
(113.17, 55.33)
(113.97, 56.16)
(115.16, 56.02)
(116.82, 57.47)
(117.64, 59.97)
(119.12, 60.47)

(0.0, 0.0)
(1.68, 0.45)
(3.13, 1.23)
(5.17, 1.4)
(6.4, 1.92)
(7.8, 2.78)
(8.65, 2.06)
(9.56, 3.27)
(10.4, 2.53)
(11.8, 3.71)
(12.67, 2.98)
(13.93, 3.38)
(14.78, 2.7)
(16.37, 4.47)
(17.4, 4.57)
(18.76, 5.52)
(19.58, 4.74)
(21.55, 5.96)
(22.39, 5.33)
(23.42, 5.05)
(24.23, 6.16)
(25.17, 5.89)
(26.43, 6.8)
(27.58, 7.41)
(28.48, 6.68)
(30.14, 7.13)
(31.41, 8.33)
(33.03, 8.74)
(34.68, 9.07)
(36.27, 7.65)
(38.87, 10.33)
(39.92, 10.1)
(41.52, 10.98)
(43.17, 11.74)
(44.11, 10.97)
(45.24, 11.76)
(46.3, 12.08)
(47.57, 13.67)
(48.53, 13.46)
(49.63, 14.68)
(50.58, 14.44)
(51.67, 15.66)
(52.57, 15.88)
(53.47, 13.83)
(54.84, 17.36)
(56.41, 17.65)
(57.49, 17.93)
(58.47, 18.13)
(59.54, 20.07)
(61.04, 19.98)
(62.04, 20.15)
(63.02, 20.33)
(64.09, 21.0)
(65.08, 21.18)
(66.14, 21.83)
(67.14, 22.78)
(68.14, 23.76)
(69.56, 24.35)
(70.62, 24.19)
(72.15, 25.2)
(73.07, 25.49)
(74.04, 26.84)
(75.01, 26.95)
(76.1, 27.08)
(77.06, 27.21)
(78.04, 28.21)
(79.44, 29.54)
(81.25, 31.36)
(82.18, 31.81)
(83.11, 32.75)
(84.04, 33.31)
(85.13, 32.94)
(86.34, 34.89)
(87.38, 35.05)
(88.28, 35.87)
(89.24, 36.24)
(90.12, 37.04)
(91.06, 37.72)
(92.46, 38.48)
(93.33, 39.09)
(94.38, 39.03)
(95.27, 40.09)
(96.27, 40.27)
(97.16, 41.07)
(98.03, 42.06)
(98.9, 42.72)
(100.07, 44.76)
(101.0, 44.75)
(101.86, 45.66)
(102.85, 46.19)
(104.54, 47.51)
(105.59, 47.91)
(107.01, 48.44)
(107.88, 49.16)
(109.62, 52.01)
(110.48, 51.1)
(111.81, 51.85)
(112.82, 52.79)
(113.72, 54.09)
(114.67, 54.46)
(115.52, 56.31)
(116.61, 56.34)
(117.62, 56.62)
(118.82, 58.41)
(119.67, 60.0)
(120.57, 60.57)

(0.0, 0.0)
(1.79, 1.48)
(2.86, 1.32)
(4.04, 1.55)
(5.49, 2.32)
(6.79, 1.24)
(8.22, 2.03)
(9.93, 2.32)
(11.41, 1.79)
(12.29, 3.02)
(13.34, 2.67)
(14.39, 2.92)
(15.2, 3.73)
(16.5, 4.45)
(17.36, 3.8)
(18.24, 4.93)
(19.33, 5.14)
(20.45, 5.41)
(21.51, 5.32)
(23.73, 5.89)
(24.82, 6.1)
(26.08, 6.93)
(27.28, 7.62)
(28.12, 6.94)
(29.15, 6.71)
(30.31, 7.44)
(31.19, 6.84)
(32.69, 8.87)
(33.75, 9.08)
(34.86, 9.36)
(36.47, 9.77)
(37.33, 9.51)
(38.9, 9.45)
(40.21, 9.82)
(41.41, 10.59)
(42.58, 11.36)
(43.63, 11.59)
(45.45, 13.35)
(46.39, 13.06)
(47.32, 12.38)
(48.57, 13.62)
(49.52, 13.8)
(50.62, 15.37)
(51.57, 14.73)
(52.82, 17.28)
(53.75, 17.19)
(54.76, 17.37)
(56.28, 17.67)
(57.33, 16.95)
(58.41, 19.74)
(59.36, 18.68)
(60.44, 19.38)
(61.44, 18.6)
(62.54, 20.88)
(63.53, 21.04)
(64.53, 21.76)
(65.42, 22.19)
(66.46, 22.4)
(67.43, 23.78)
(68.91, 23.62)
(69.89, 24.6)
(70.9, 24.34)
(71.87, 25.34)
(72.84, 25.88)
(73.86, 25.61)
(74.78, 27.4)
(75.79, 27.19)
(76.81, 27.65)
(78.26, 28.65)
(79.16, 29.93)
(80.19, 29.94)
(81.13, 30.4)
(82.2, 30.47)
(83.13, 31.38)
(83.99, 32.65)
(85.4, 33.18)
(86.38, 34.03)
(87.22, 34.86)
(88.11, 35.77)
(89.11, 35.88)
(90.52, 36.73)
(91.48, 37.04)
(92.66, 39.0)
(93.62, 39.48)
(94.58, 39.85)
(95.88, 41.0)
(97.35, 41.44)
(98.46, 43.15)
(99.49, 43.21)
(100.36, 43.97)
(101.5, 45.6)
(102.51, 45.66)
(103.47, 46.38)
(104.56, 47.77)
(105.67, 48.16)
(106.48, 49.03)
(107.51, 50.53)
(108.64, 50.42)
(109.62, 52.22)
(110.54, 52.73)
(111.66, 53.99)
(112.7, 54.1)
(113.63, 55.75)
(114.59, 56.15)
(115.69, 58.15)
(116.93, 58.77)
(118.0, 59.16)
(119.29, 61.48)

(0.0, 0.0)
(1.22, 0.27)
(2.09, 0.89)
(2.92, 1.61)
(4.41, 2.4)
(6.29, 2.47)
(7.48, 0.95)
(8.65, 2.64)
(9.51, 1.9)
(10.79, 2.65)
(12.05, 3.07)
(13.13, 2.9)
(14.03, 4.0)
(14.92, 3.58)
(16.04, 3.56)
(17.18, 3.76)
(18.39, 4.06)
(19.24, 3.32)
(20.18, 4.84)
(21.5, 3.83)
(22.4, 5.27)
(23.63, 5.68)
(24.93, 4.89)
(26.58, 6.82)
(27.9, 6.09)
(29.25, 7.76)
(30.72, 6.9)
(32.53, 7.67)
(33.49, 7.37)
(34.74, 8.65)
(36.12, 8.44)
(37.06, 7.92)
(38.9, 8.88)
(40.13, 9.76)
(41.35, 10.86)
(42.98, 11.71)
(44.14, 12.47)
(45.1, 11.75)
(46.24, 12.48)
(47.29, 12.71)
(48.41, 13.9)
(49.5, 14.07)
(50.54, 14.29)
(52.48, 15.21)
(53.3, 12.86)
(54.57, 14.61)
(55.93, 17.6)
(57.0, 17.6)
(58.11, 18.51)
(59.11, 18.57)
(60.05, 18.7)
(61.64, 20.51)
(62.64, 21.46)
(63.62, 20.88)
(64.56, 21.66)
(65.53, 22.17)
(66.59, 22.38)
(67.55, 24.72)
(68.59, 23.6)
(69.47, 24.67)
(70.46, 25.23)
(71.4, 25.66)
(72.46, 26.06)
(73.5, 26.23)
(74.91, 28.01)
(75.86, 28.97)
(76.81, 29.16)
(77.8, 29.78)
(79.2, 30.78)
(80.27, 30.57)
(81.23, 31.35)
(82.19, 31.93)
(83.54, 32.92)
(85.15, 35.61)
(86.46, 36.55)
(87.36, 37.19)
(88.38, 37.77)
(89.39, 37.29)
(90.54, 39.35)
(91.47, 40.01)
(92.45, 40.19)
(93.3, 41.02)
(94.49, 42.63)
(95.63, 43.76)
(96.54, 44.29)
(98.06, 44.54)
(99.15, 46.34)
(99.98, 47.02)
(101.56, 48.52)
(102.64, 49.94)
(103.83, 50.96)
(104.74, 51.1)
(105.6, 53.18)
(106.87, 52.91)
(107.79, 54.29)
(108.74, 54.76)
(109.71, 56.36)
(110.84, 57.59)
(111.93, 58.5)
(113.24, 60.17)
(114.29, 62.7)
(115.1, 62.15)
(115.93, 64.06)
(116.79, 65.8)
(117.99, 66.53)
(118.91, 67.18)
(119.84, 67.39)
(120.86, 67.68)

(0.0, 0.0)
(1.46, -0.04)
(3.95, 0.09)
(4.81, 0.71)
(6.09, 1.14)
(8.05, 0.53)
(8.92, 1.12)
(9.74, 2.24)
(10.67, 1.53)
(11.73, 1.32)
(12.85, 1.52)
(14.01, 1.6)
(15.22, 2.13)
(16.15, 1.59)
(17.5, 2.83)
(18.79, 3.17)
(20.12, 4.04)
(20.96, 3.13)
(22.29, 2.06)
(23.85, 3.76)
(25.27, 5.57)
(26.65, 4.41)
(27.77, 4.67)
(29.39, 5.0)
(30.7, 6.19)
(32.26, 6.09)
(33.51, 6.81)
(34.81, 8.07)
(35.65, 4.91)
(36.99, 6.26)
(37.86, 7.94)
(39.16, 8.87)
(40.03, 8.05)
(41.08, 7.88)
(42.27, 9.11)
(43.35, 8.9)
(44.47, 9.54)
(45.78, 11.27)
(47.35, 11.21)
(48.98, 11.47)
(50.1, 12.7)
(51.15, 12.93)
(52.65, 13.31)
(53.66, 12.65)
(54.71, 13.45)
(56.66, 15.61)
(57.75, 16.26)
(58.77, 16.47)
(60.34, 16.82)
(61.27, 16.93)
(62.33, 17.98)
(63.36, 18.72)
(64.38, 17.93)
(65.34, 19.42)
(66.43, 19.14)
(67.52, 19.29)
(68.57, 20.78)
(69.66, 20.97)
(70.65, 22.01)
(71.59, 22.52)
(72.63, 22.27)
(73.62, 23.69)
(74.65, 23.02)
(76.11, 24.48)
(77.13, 25.06)
(78.1, 25.21)
(80.07, 26.97)
(81.03, 27.95)
(82.05, 28.44)
(82.99, 28.96)
(83.89, 29.81)
(84.96, 29.99)
(86.01, 30.45)
(86.98, 30.83)
(87.95, 31.75)
(88.78, 32.97)
(89.91, 32.75)
(90.86, 33.18)
(92.62, 35.17)
(93.65, 34.88)
(94.46, 36.33)
(95.49, 36.78)
(96.46, 37.29)
(97.38, 38.04)
(98.33, 38.47)
(99.23, 39.26)
(100.12, 39.86)
(101.02, 40.56)
(101.94, 41.24)
(102.81, 41.99)
(104.16, 43.03)
(105.37, 44.03)
(106.49, 44.29)
(107.29, 45.0)
(108.13, 45.64)
(109.57, 46.27)
(110.63, 47.6)
(111.88, 48.88)
(112.81, 49.45)
(114.23, 50.16)
(115.57, 51.12)
(116.86, 52.15)
(118.12, 52.93)
(119.14, 53.56)
(120.06, 55.18)
(121.03, 56.93)

(0.0, 0.0)
(1.11, 0.6)
(2.65, 0.04)
(3.87, -0.1)
(5.55, -0.19)
(7.34, 1.76)
(8.4, 1.14)
(9.47, 2.85)
(11.0, 2.26)
(12.51, 2.11)
(14.19, 2.4)
(15.34, 2.7)
(16.46, 2.68)
(18.08, 2.67)
(19.73, 2.75)
(20.56, 3.96)
(21.52, 3.7)
(23.37, 4.49)
(25.17, 5.04)
(26.36, 5.82)
(27.39, 5.62)
(28.42, 5.31)
(29.72, 6.14)
(30.74, 5.86)
(31.9, 6.1)
(32.98, 6.26)
(34.19, 6.52)
(35.27, 7.67)
(37.64, 8.37)
(38.76, 8.55)
(39.78, 8.29)
(40.9, 9.02)
(41.82, 8.78)
(42.96, 8.54)
(44.09, 9.69)
(45.15, 9.94)
(46.89, 11.17)
(47.93, 10.95)
(48.98, 11.17)
(50.03, 11.82)
(51.07, 12.04)
(52.1, 12.23)
(53.15, 12.42)
(54.28, 13.08)
(55.36, 14.68)
(56.4, 14.47)
(57.94, 14.29)
(59.06, 14.55)
(60.65, 16.1)
(61.79, 16.25)
(62.78, 16.86)
(63.83, 17.48)
(64.9, 18.09)
(65.94, 18.7)
(66.97, 17.9)
(67.96, 18.94)
(69.05, 19.49)
(70.09, 20.56)
(71.13, 19.73)
(72.12, 19.88)
(73.15, 21.77)
(74.11, 22.75)
(75.14, 23.24)
(76.29, 21.66)
(78.15, 24.82)
(79.31, 23.62)
(80.73, 25.48)
(81.7, 25.55)
(82.67, 26.49)
(83.65, 26.06)
(84.61, 26.96)
(86.05, 27.64)
(86.93, 29.48)
(88.18, 29.4)
(89.06, 30.34)
(90.17, 29.93)
(91.72, 30.4)
(92.61, 31.71)
(93.57, 32.12)
(94.6, 32.87)
(95.55, 33.42)
(96.58, 33.74)
(97.62, 33.87)
(98.42, 35.15)
(100.35, 36.12)
(101.27, 36.62)
(102.78, 37.09)
(104.08, 38.5)
(104.97, 39.54)
(105.88, 40.15)
(107.83, 41.27)
(109.16, 42.22)
(110.1, 42.79)
(111.47, 43.86)
(112.8, 44.78)
(113.89, 46.47)
(114.97, 46.82)
(115.79, 47.52)
(116.68, 47.97)
(117.85, 48.41)
(118.86, 50.03)
(119.78, 50.72)
(121.02, 51.77)
(121.86, 52.58)

(0.0, 0.0)
(0.86, -0.36)
(1.7, 0.35)
(3.04, 0.71)
(4.64, 1.53)
(5.5, 0.72)
(6.34, 1.47)
(8.11, 1.79)
(8.92, 1.13)
(9.76, 1.75)
(10.93, 2.06)
(11.99, 1.87)
(12.88, 3.07)
(14.37, 2.39)
(16.29, 3.18)
(17.36, 3.2)
(18.86, 4.8)
(20.24, 3.89)
(22.1, 4.68)
(23.04, 4.38)
(24.07, 4.21)
(25.51, 5.51)
(26.71, 3.82)
(27.55, 5.51)
(28.71, 5.69)
(29.92, 6.44)
(30.87, 6.07)
(32.08, 6.53)
(33.04, 6.21)
(34.09, 6.52)
(36.21, 6.79)
(37.63, 8.19)
(39.21, 8.15)
(40.05, 9.7)
(41.11, 9.55)
(42.14, 8.87)
(43.2, 9.1)
(44.25, 9.29)
(45.73, 9.03)
(47.53, 10.78)
(48.63, 11.39)
(49.76, 12.13)
(50.81, 12.35)
(51.77, 11.04)
(53.52, 12.82)
(54.58, 12.57)
(55.63, 12.18)
(56.74, 13.34)
(57.86, 13.96)
(58.9, 14.15)
(60.46, 15.39)
(61.5, 15.56)
(62.58, 16.58)
(63.61, 16.32)
(64.67, 17.36)
(65.74, 17.58)
(66.75, 19.03)
(67.78, 18.75)
(68.77, 18.87)
(69.82, 19.45)
(70.81, 19.62)
(71.84, 20.16)
(72.88, 20.79)
(73.91, 21.37)
(74.84, 21.9)
(75.9, 22.96)
(76.89, 24.05)
(78.39, 24.56)
(79.43, 24.72)
(80.42, 24.76)
(81.91, 26.14)
(82.93, 26.12)
(83.79, 27.56)
(84.65, 28.55)
(85.99, 27.98)
(86.89, 29.38)
(88.08, 29.47)
(88.95, 30.73)
(90.02, 30.81)
(90.98, 31.24)
(91.89, 32.12)
(93.35, 32.61)
(94.42, 33.09)
(95.31, 33.9)
(96.49, 36.28)
(97.64, 36.04)
(98.67, 35.98)
(99.87, 37.43)
(100.71, 38.36)
(102.04, 39.11)
(103.1, 39.16)
(104.34, 40.95)
(105.15, 42.02)
(106.56, 42.81)
(107.74, 44.14)
(108.63, 44.75)
(109.48, 45.6)
(110.85, 46.41)
(112.13, 47.46)
(113.32, 48.92)
(114.13, 49.64)
(115.07, 51.1)
(116.61, 50.49)
(117.59, 52.36)
(119.48, 54.55)
(120.84, 55.24)
(121.82, 56.91)

(0.0, 0.0)
(1.02, 1.65)
(2.08, 0.21)
(3.36, 1.9)
(5.13, 1.58)
(7.38, 3.12)
(8.28, 2.78)
(9.14, 2.03)
(10.2, 3.57)
(11.27, 3.39)
(12.38, 3.47)
(13.64, 3.9)
(14.57, 3.6)
(15.91, 4.32)
(16.81, 3.9)
(18.01, 4.42)
(19.27, 5.09)
(20.41, 5.36)
(21.95, 4.85)
(23.12, 5.04)
(24.51, 6.37)
(25.9, 5.36)
(27.18, 6.11)
(28.27, 6.32)
(29.38, 6.63)
(30.59, 7.0)
(31.89, 8.09)
(32.8, 7.35)
(33.95, 7.86)
(35.19, 6.84)
(36.21, 6.49)
(38.54, 9.63)
(39.5, 8.86)
(40.77, 10.02)
(41.82, 10.24)
(42.81, 9.94)
(43.85, 9.75)
(45.06, 10.83)
(45.96, 10.61)
(47.22, 11.44)
(48.94, 12.34)
(49.88, 11.51)
(51.09, 12.64)
(52.0, 12.83)
(53.67, 13.74)
(54.75, 13.42)
(56.02, 14.07)
(57.14, 14.68)
(58.16, 14.86)
(59.83, 15.1)
(60.89, 16.27)
(61.91, 16.41)
(63.04, 17.49)
(64.04, 17.62)
(65.01, 17.18)
(66.09, 17.43)
(67.2, 18.02)
(68.2, 19.47)
(69.27, 19.66)
(70.36, 19.29)
(71.43, 20.35)
(73.02, 20.87)
(74.56, 22.43)
(75.62, 22.49)
(76.69, 22.52)
(77.59, 24.35)
(78.63, 24.05)
(79.73, 24.12)
(80.62, 25.16)
(82.16, 26.02)
(83.72, 26.5)
(85.22, 27.51)
(86.35, 27.72)
(87.26, 28.58)
(88.31, 29.09)
(89.18, 30.15)
(90.27, 29.86)
(91.3, 30.38)
(92.37, 30.43)
(93.31, 31.09)
(94.27, 31.91)
(95.07, 33.04)
(96.13, 33.07)
(97.2, 33.46)
(98.07, 34.63)
(99.66, 34.61)
(100.93, 36.12)
(101.96, 36.47)
(103.25, 37.62)
(104.1, 38.64)
(105.08, 38.72)
(106.05, 39.42)
(107.3, 40.88)
(108.46, 40.85)
(109.37, 41.25)
(110.67, 42.02)
(112.11, 42.85)
(113.46, 43.94)
(114.5, 45.67)
(115.44, 46.11)
(117.35, 46.94)
(118.25, 47.53)
(119.13, 47.93)
(120.23, 48.49)
(121.29, 49.91)

(0.0, 0.0)
(2.42, -0.91)
(4.07, -0.02)
(5.27, 0.16)
(6.76, 1.3)
(8.39, 1.32)
(10.13, 1.67)
(11.29, 1.98)
(12.28, 1.7)
(13.53, 2.51)
(14.39, 1.75)
(15.73, 3.05)
(17.58, 4.01)
(19.42, 2.62)
(20.98, 4.83)
(22.28, 5.65)
(23.62, 4.6)
(24.67, 4.43)
(25.69, 4.64)
(27.43, 5.04)
(28.54, 5.32)
(29.51, 5.03)
(30.72, 5.41)
(32.03, 6.52)
(33.12, 6.82)
(34.48, 6.6)
(35.29, 5.78)
(36.6, 7.05)
(38.77, 8.76)
(39.96, 8.93)
(41.19, 9.67)
(42.1, 8.44)
(43.16, 8.82)
(44.24, 9.41)
(45.3, 9.61)
(46.47, 10.4)
(47.65, 11.51)
(48.68, 11.3)
(49.85, 11.94)
(50.81, 11.63)
(51.68, 10.86)
(52.77, 11.11)
(54.1, 13.79)
(55.81, 13.25)
(56.84, 13.85)
(57.99, 15.5)
(59.07, 16.19)
(60.04, 15.46)
(61.05, 16.45)
(62.14, 16.71)
(63.2, 16.37)
(64.76, 17.48)
(65.85, 18.6)
(67.38, 19.68)
(68.32, 18.44)
(69.37, 19.95)
(70.42, 20.52)
(71.42, 21.57)
(72.54, 20.84)
(73.58, 21.43)
(74.56, 22.84)
(75.66, 22.51)
(76.63, 24.34)
(77.6, 24.89)
(79.1, 25.76)
(80.71, 26.04)
(81.63, 26.92)
(83.08, 27.83)
(84.24, 26.71)
(85.22, 27.67)
(86.13, 28.42)
(87.48, 30.14)
(88.44, 30.58)
(89.57, 30.42)
(90.51, 30.83)
(91.83, 32.36)
(92.76, 32.97)
(94.25, 33.74)
(95.15, 34.45)
(96.05, 34.96)
(96.94, 36.08)
(98.38, 36.39)
(99.21, 37.56)
(100.18, 37.8)
(101.23, 37.96)
(102.22, 38.44)
(103.8, 40.4)
(105.11, 41.27)
(106.02, 42.28)
(107.32, 43.16)
(108.46, 44.41)
(109.92, 45.11)
(110.86, 45.52)
(111.7, 46.46)
(112.63, 46.76)
(113.86, 48.0)
(115.08, 49.41)
(116.42, 50.17)
(117.66, 51.6)
(119.13, 53.28)
(120.0, 54.07)
(120.91, 55.73)

(0.0, 0.0)
(1.18, 0.73)
(2.89, 0.55)
(4.19, 0.83)
(5.51, -0.2)
(6.75, 1.73)
(7.56, 1.03)
(8.73, 1.35)
(9.73, 2.68)
(10.65, 2.19)
(11.91, 2.61)
(12.9, 2.51)
(14.11, 2.81)
(15.35, 3.49)
(16.68, 4.31)
(17.6, 3.96)
(18.83, 4.37)
(19.86, 4.6)
(21.39, 4.05)
(22.41, 5.72)
(23.29, 5.06)
(25.16, 5.94)
(26.17, 5.69)
(27.1, 5.53)
(28.03, 7.06)
(28.93, 6.34)
(30.08, 7.09)
(31.27, 7.43)
(32.9, 7.84)
(34.01, 8.44)
(35.24, 9.74)
(36.88, 10.13)
(38.08, 9.45)
(39.38, 7.61)
(40.92, 10.45)
(42.31, 12.12)
(43.27, 10.98)
(44.81, 11.83)
(46.01, 13.05)
(47.14, 14.23)
(48.08, 13.15)
(50.23, 14.59)
(51.31, 15.31)
(52.29, 15.09)
(53.35, 16.15)
(54.36, 16.36)
(55.42, 17.2)
(56.39, 18.33)
(57.36, 17.78)
(58.43, 18.36)
(59.47, 19.01)
(60.46, 18.93)
(61.93, 20.53)
(63.04, 20.7)
(64.09, 22.06)
(65.07, 22.24)
(65.97, 22.54)
(66.95, 22.7)
(67.95, 23.31)
(68.96, 23.62)
(69.92, 24.5)
(70.9, 25.47)
(71.95, 26.94)
(73.46, 26.29)
(74.42, 27.63)
(76.32, 28.69)
(77.76, 29.8)
(78.82, 29.45)
(80.09, 31.82)
(81.16, 31.55)
(82.08, 32.9)
(82.97, 33.5)
(84.55, 33.72)
(85.46, 34.93)
(86.91, 35.73)
(88.7, 37.28)
(89.59, 37.7)
(91.13, 38.09)
(92.41, 39.55)
(93.75, 40.3)
(95.03, 41.91)
(96.05, 42.01)
(97.0, 44.43)
(98.13, 44.07)
(99.35, 45.58)
(100.17, 46.59)
(101.21, 46.75)
(102.85, 48.8)
(103.86, 49.14)
(104.68, 50.14)
(105.86, 51.21)
(107.24, 52.15)
(108.83, 53.53)
(109.97, 53.88)
(110.88, 55.55)
(111.85, 56.01)
(112.96, 56.1)
(114.13, 57.29)
(115.07, 59.3)
(115.93, 59.94)
(117.09, 61.29)
(118.64, 61.81)
(119.78, 63.15)
(120.76, 63.77)

(0.0, 0.0)
(1.06, -0.89)
(2.26, -1.04)
(3.16, -1.99)
(4.88, -0.65)
(6.02, -0.93)
(6.84, -1.66)
(8.02, 0.03)
(9.09, -0.06)
(9.96, 0.9)
(11.29, 1.85)
(12.28, 1.58)
(13.93, 1.52)
(15.08, 1.93)
(16.93, 3.1)
(18.53, 3.12)
(19.47, 2.83)
(20.77, 3.68)
(21.9, 3.99)
(23.32, 3.44)
(24.13, 4.44)
(25.12, 3.77)
(26.46, 5.16)
(27.51, 4.89)
(28.46, 4.41)
(29.79, 5.67)
(30.82, 5.49)
(32.47, 5.91)
(33.55, 6.19)
(35.08, 6.87)
(36.17, 4.89)
(38.35, 7.84)
(40.05, 8.29)
(41.14, 8.96)
(42.34, 9.22)
(43.92, 10.06)
(44.96, 10.3)
(46.13, 10.99)
(47.16, 11.23)
(48.18, 11.95)
(49.2, 11.78)
(50.35, 12.9)
(51.31, 12.64)
(52.72, 12.94)
(55.1, 14.05)
(56.19, 15.56)
(57.2, 15.37)
(58.18, 15.96)
(59.23, 16.58)
(60.28, 17.63)
(61.27, 17.79)
(62.31, 17.49)
(63.75, 18.24)
(65.28, 18.95)
(66.29, 19.55)
(67.33, 21.03)
(68.38, 19.87)
(69.36, 21.65)
(70.45, 20.94)
(71.97, 22.5)
(72.99, 22.22)
(74.5, 23.59)
(75.47, 24.13)
(76.42, 25.46)
(77.54, 24.3)
(78.53, 24.9)
(79.44, 26.63)
(80.39, 26.81)
(81.31, 27.26)
(82.25, 28.55)
(83.2, 29.08)
(84.14, 30.04)
(85.17, 30.1)
(86.1, 30.65)
(87.0, 31.59)
(87.93, 32.13)
(88.76, 33.05)
(89.73, 33.4)
(90.75, 33.6)
(91.63, 34.56)
(92.6, 35.14)
(93.43, 36.44)
(94.44, 36.16)
(95.75, 37.55)
(96.96, 38.95)
(97.87, 39.65)
(98.9, 39.69)
(100.16, 41.1)
(101.12, 41.57)
(102.28, 42.86)
(103.32, 42.98)
(104.19, 43.82)
(105.03, 44.72)
(106.0, 44.94)
(106.85, 45.61)
(108.02, 47.15)
(109.43, 48.12)
(110.55, 48.1)
(111.76, 49.5)
(112.77, 50.05)
(113.96, 52.39)
(115.03, 51.58)
(116.37, 52.37)
(117.88, 53.34)
(119.39, 55.88)
(120.49, 57.21)

(0.0, 0.0)
(0.94, -0.84)
(2.18, -0.78)
(3.8, 0.1)
(6.01, 0.12)
(7.59, 1.48)
(8.54, 0.7)
(9.81, 1.35)
(10.63, 0.69)
(11.69, 0.54)
(13.11, 1.64)
(14.22, 1.81)
(15.74, 1.72)
(16.78, 3.28)
(17.61, 2.59)
(18.93, 3.45)
(19.93, 3.15)
(20.93, 2.85)
(22.17, 3.6)
(23.09, 2.93)
(24.41, 4.19)
(25.72, 4.79)
(27.09, 3.76)
(28.44, 5.45)
(30.14, 6.29)
(31.18, 6.13)
(33.16, 5.68)
(35.85, 8.18)
(37.43, 8.0)
(38.37, 7.22)
(39.61, 8.45)
(40.64, 8.22)
(41.86, 9.35)
(42.81, 9.07)
(43.98, 9.85)
(45.17, 11.0)
(46.21, 10.28)
(47.22, 10.51)
(48.31, 11.16)
(49.41, 11.96)
(50.44, 12.18)
(51.58, 12.91)
(52.54, 12.61)
(53.54, 13.36)
(54.58, 13.39)
(55.65, 14.19)
(57.72, 15.98)
(58.74, 15.78)
(59.75, 16.42)
(60.84, 17.13)
(61.82, 17.66)
(62.84, 17.49)
(64.41, 18.54)
(65.34, 20.47)
(66.32, 20.61)
(67.43, 20.74)
(68.48, 20.37)
(69.4, 21.03)
(70.88, 22.51)
(71.9, 23.18)
(72.92, 23.76)
(73.87, 24.76)
(74.86, 24.02)
(76.14, 25.31)
(77.32, 25.3)
(79.22, 27.7)
(80.24, 27.72)
(81.61, 29.49)
(82.61, 30.13)
(83.47, 31.33)
(84.54, 31.07)
(85.48, 31.63)
(86.29, 32.94)
(87.22, 33.5)
(88.15, 33.96)
(88.97, 34.94)
(89.97, 35.11)
(91.27, 36.3)
(92.23, 36.67)
(93.79, 38.78)
(94.92, 39.92)
(95.82, 40.52)
(96.63, 41.5)
(97.65, 41.55)
(99.22, 43.51)
(100.25, 44.89)
(101.17, 45.34)
(102.18, 47.18)
(103.0, 48.05)
(104.1, 49.62)
(105.02, 50.19)
(106.33, 51.13)
(107.61, 51.36)
(108.8, 52.67)
(109.72, 54.16)
(110.88, 55.12)
(111.82, 55.69)
(113.77, 59.25)
(114.83, 60.58)
(115.99, 61.55)
(117.18, 63.74)
(117.99, 64.38)
(119.11, 65.54)

(0.0, 0.0)
(1.42, -0.6)
(2.35, -1.48)
(3.2, -0.85)
(4.14, -0.06)
(5.0, 0.59)
(7.37, 1.09)
(8.81, 0.5)
(10.08, 0.95)
(11.38, 1.6)
(13.0, 1.69)
(13.89, 2.79)
(15.06, 1.58)
(16.91, 2.11)
(18.14, 2.51)
(19.05, 2.09)
(20.19, 2.38)
(22.01, 2.82)
(22.95, 2.47)
(24.16, 2.8)
(25.61, 4.52)
(26.46, 3.65)
(27.5, 3.46)
(28.83, 4.65)
(30.41, 4.5)
(31.88, 6.34)
(32.98, 4.19)
(34.11, 5.81)
(35.7, 5.29)
(36.57, 7.02)
(37.57, 6.38)
(38.59, 6.96)
(39.64, 6.26)
(40.83, 7.09)
(42.47, 7.91)
(43.75, 9.63)
(44.59, 7.83)
(45.87, 10.02)
(46.91, 9.84)
(48.08, 10.94)
(49.03, 10.22)
(50.63, 10.02)
(51.73, 11.67)
(52.65, 10.47)
(55.05, 13.4)
(56.1, 13.99)
(57.18, 14.66)
(58.24, 14.86)
(59.32, 15.09)
(61.4, 16.31)
(62.94, 17.0)
(64.07, 17.14)
(65.08, 17.72)
(66.11, 18.29)
(67.17, 18.94)
(68.65, 20.85)
(70.28, 20.24)
(71.32, 19.93)
(72.31, 21.41)
(73.91, 21.08)
(74.81, 22.54)
(75.79, 23.39)
(76.85, 23.61)
(77.77, 24.51)
(78.8, 24.7)
(79.67, 26.46)
(80.81, 25.66)
(81.69, 27.05)
(82.68, 27.17)
(84.48, 29.39)
(85.48, 29.74)
(86.42, 30.25)
(87.38, 30.44)
(88.28, 31.39)
(89.13, 32.24)
(90.01, 33.06)
(91.45, 33.49)
(92.35, 33.99)
(93.43, 33.93)
(94.57, 35.98)
(95.5, 36.37)
(96.44, 37.02)
(97.34, 37.43)
(98.16, 38.55)
(99.05, 39.43)
(101.43, 40.66)
(102.27, 41.32)
(103.08, 42.69)
(104.09, 42.86)
(105.15, 44.46)
(106.34, 45.79)
(107.36, 45.81)
(108.66, 46.82)
(109.82, 48.19)
(110.84, 49.89)
(112.15, 50.76)
(113.75, 51.4)
(114.87, 53.34)
(116.39, 51.41)
(117.39, 55.49)
(118.27, 55.98)

(0.0, 0.0)
(0.86, 0.2)
(1.69, -0.54)
(3.59, -0.55)
(4.5, 0.45)
(5.56, 0.33)
(6.61, 0.54)
(7.78, 0.84)
(8.99, 1.13)
(10.17, 1.37)
(11.04, 0.81)
(11.92, 1.81)
(12.97, 1.68)
(14.3, 2.5)
(15.61, 3.19)
(17.0, 2.53)
(18.1, 2.76)
(19.45, 3.73)
(20.49, 3.36)
(21.58, 3.24)
(23.01, 4.83)
(23.85, 3.72)
(25.25, 5.1)
(26.91, 5.41)
(27.99, 5.22)
(29.26, 6.02)
(30.34, 6.23)
(31.25, 5.56)
(32.63, 5.95)
(34.29, 6.36)
(35.77, 8.49)
(37.32, 7.98)
(38.4, 8.28)
(40.03, 9.06)
(41.06, 8.87)
(42.21, 9.7)
(43.28, 10.35)
(44.34, 10.99)
(45.38, 11.22)
(46.32, 10.57)
(48.0, 11.38)
(49.16, 12.55)
(50.09, 11.82)
(51.22, 13.54)
(52.37, 14.16)
(53.5, 14.48)
(55.02, 15.17)
(56.13, 15.48)
(57.19, 16.53)
(58.17, 16.84)
(59.19, 17.44)
(60.26, 17.65)
(61.22, 18.58)
(62.27, 18.03)
(63.83, 20.03)
(64.87, 20.22)
(65.85, 20.82)
(66.83, 20.95)
(67.89, 21.41)
(68.89, 22.02)
(70.4, 23.08)
(71.41, 23.75)
(72.36, 24.68)
(73.8, 24.9)
(74.8, 25.5)
(76.68, 26.96)
(77.53, 27.55)
(78.55, 27.94)
(79.49, 28.93)
(80.5, 29.19)
(81.51, 29.53)
(82.36, 30.83)
(83.23, 31.74)
(84.24, 31.97)
(85.64, 32.59)
(86.52, 33.81)
(87.6, 33.54)
(88.81, 35.72)
(89.81, 35.62)
(90.77, 36.14)
(92.12, 37.29)
(93.05, 37.49)
(94.2, 39.39)
(95.14, 39.75)
(96.01, 40.72)
(96.91, 41.72)
(97.84, 42.08)
(98.95, 42.21)
(99.94, 44.27)
(101.21, 45.19)
(102.2, 45.63)
(103.04, 46.41)
(103.9, 47.13)
(104.88, 47.33)
(105.79, 48.08)
(106.95, 49.25)
(107.81, 50.18)
(108.9, 50.4)
(110.45, 51.68)
(111.29, 52.77)
(113.04, 53.89)
(114.02, 55.66)
(114.85, 55.11)
(115.67, 57.98)
(116.49, 58.42)
(117.9, 60.25)

(0.0, 0.0)
(1.58, 1.13)
(2.76, 1.2)
(4.0, 0.76)
(5.33, 1.11)
(6.66, 1.45)
(7.9, 0.34)
(8.99, 1.84)
(10.39, 2.79)
(11.75, 1.75)
(12.84, 1.55)
(14.26, 2.66)
(16.49, 2.26)
(17.64, 2.33)
(18.69, 2.1)
(19.76, 1.72)
(21.01, 2.51)
(22.68, 2.33)
(23.97, 3.0)
(25.66, 3.3)
(26.72, 3.17)
(28.47, 4.09)
(30.09, 4.37)
(31.19, 4.2)
(32.17, 4.02)
(33.29, 4.28)
(34.76, 3.48)
(36.08, 4.32)
(36.89, 5.44)
(37.85, 4.68)
(38.99, 5.46)
(40.15, 5.81)
(41.34, 6.35)
(42.29, 5.96)
(43.48, 6.53)
(44.58, 7.29)
(45.62, 6.97)
(46.82, 8.1)
(47.92, 8.8)
(48.91, 7.98)
(49.9, 9.17)
(50.77, 7.19)
(52.14, 9.6)
(53.32, 10.29)
(54.51, 10.29)
(55.57, 10.75)
(56.69, 11.3)
(58.32, 11.64)
(59.4, 13.13)
(60.43, 13.3)
(61.45, 13.42)
(62.5, 13.06)
(64.04, 13.6)
(65.03, 14.69)
(66.07, 15.39)
(67.14, 15.89)
(68.26, 15.48)
(69.3, 17.01)
(70.35, 15.58)
(71.38, 16.59)
(72.4, 17.28)
(73.47, 17.33)
(74.51, 18.84)
(75.52, 19.23)
(76.57, 18.96)
(77.52, 20.87)
(78.65, 20.04)
(79.61, 20.49)
(80.72, 21.0)
(81.75, 21.57)
(83.11, 23.48)
(84.25, 23.04)
(85.2, 23.47)
(86.2, 24.03)
(87.68, 25.3)
(88.66, 25.82)
(90.07, 26.72)
(91.11, 27.08)
(92.75, 27.26)
(93.63, 28.29)
(94.65, 28.82)
(95.6, 29.26)
(96.57, 29.99)
(97.81, 31.49)
(98.8, 31.98)
(99.69, 33.04)
(100.76, 33.05)
(101.76, 33.42)
(102.77, 33.93)
(103.57, 34.62)
(104.86, 35.96)
(105.79, 36.22)
(106.97, 37.64)
(108.16, 37.65)
(109.5, 38.61)
(110.93, 39.23)
(111.82, 40.13)
(113.06, 41.5)
(114.34, 42.77)
(115.63, 42.55)
(116.44, 43.43)
(117.79, 44.42)
(118.61, 45.2)

(0.0, 0.0)
(1.17, 0.06)
(2.19, -0.18)
(3.51, -0.06)
(4.84, 0.3)
(5.79, 1.35)
(6.9, 1.43)
(7.81, 0.86)
(9.55, 1.28)
(10.93, 2.16)
(11.91, 1.42)
(13.17, 2.42)
(14.7, 3.45)
(16.4, 1.83)
(17.46, 3.51)
(18.98, 3.34)
(20.16, 3.3)
(21.77, 3.23)
(22.95, 3.55)
(24.24, 4.34)
(25.12, 3.64)
(27.27, 6.33)
(28.68, 5.29)
(29.6, 4.85)
(31.43, 6.31)
(32.7, 5.06)
(33.88, 3.4)
(34.82, 5.02)
(35.76, 7.19)
(36.88, 6.54)
(38.15, 7.71)
(39.23, 7.95)
(40.47, 9.11)
(41.5, 8.9)
(42.67, 10.18)
(43.64, 9.79)
(44.79, 11.03)
(45.84, 11.26)
(47.52, 12.05)
(48.35, 11.24)
(49.41, 11.85)
(50.32, 11.23)
(51.99, 12.54)
(53.22, 13.27)
(54.37, 13.93)
(56.5, 14.74)
(57.64, 14.91)
(58.68, 16.44)
(59.75, 15.7)
(60.87, 16.28)
(61.89, 16.98)
(62.93, 18.04)
(63.96, 17.22)
(65.06, 18.28)
(66.64, 18.92)
(67.59, 19.99)
(68.69, 19.64)
(69.7, 21.1)
(71.25, 20.92)
(72.33, 21.02)
(73.18, 23.26)
(74.16, 23.1)
(75.21, 23.56)
(76.15, 24.54)
(77.11, 24.21)
(78.1, 25.21)
(79.08, 26.18)
(80.09, 26.65)
(81.06, 27.53)
(82.63, 27.74)
(83.49, 29.36)
(84.85, 29.91)
(85.98, 29.57)
(86.84, 30.18)
(87.69, 31.78)
(88.72, 32.15)
(89.98, 33.82)
(91.03, 33.87)
(92.06, 33.99)
(93.25, 35.87)
(94.31, 36.0)
(95.5, 37.54)
(96.43, 37.93)
(97.4, 38.63)
(99.25, 39.87)
(100.22, 40.18)
(101.1, 41.13)
(102.08, 41.72)
(103.06, 43.43)
(104.18, 43.48)
(105.19, 44.69)
(106.75, 45.58)
(107.57, 46.4)
(108.77, 47.66)
(110.01, 48.74)
(111.04, 49.08)
(112.29, 50.28)
(113.63, 51.3)
(114.87, 53.42)
(115.69, 54.21)
(116.52, 53.92)
(117.75, 52.62)
(119.12, 57.49)

(0.0, 0.0)
(0.93, -1.73)
(1.93, -0.98)
(3.74, 0.48)
(4.98, 0.4)
(6.58, 0.07)
(7.95, 0.65)
(8.95, 0.64)
(9.81, 1.34)
(11.78, 0.25)
(12.9, 0.43)
(14.2, 0.98)
(15.57, 1.92)
(16.79, 0.03)
(18.24, 1.43)
(20.38, 1.37)
(21.65, 2.04)
(22.88, 2.44)
(23.96, 2.41)
(24.77, 3.64)
(26.16, 2.44)
(27.29, 2.69)
(28.5, 3.08)
(29.67, 3.62)
(30.64, 3.44)
(32.01, 2.09)
(32.96, 4.54)
(33.98, 3.22)
(35.57, 3.02)
(36.49, 5.15)
(37.53, 4.85)
(38.66, 4.97)
(39.7, 4.6)
(40.91, 5.53)
(42.13, 6.59)
(43.57, 6.0)
(44.52, 5.54)
(45.69, 6.36)
(46.85, 6.96)
(48.05, 7.65)
(49.09, 7.3)
(50.14, 7.52)
(51.33, 7.69)
(52.4, 8.89)
(53.45, 9.56)
(54.54, 9.11)
(55.53, 9.68)
(56.57, 9.85)
(57.72, 11.51)
(58.7, 10.6)
(59.74, 10.57)
(62.4, 12.43)
(63.45, 13.16)
(64.51, 12.81)
(65.54, 13.84)
(66.59, 13.54)
(67.61, 14.51)
(68.56, 15.11)
(69.66, 15.2)
(70.74, 15.75)
(72.23, 17.35)
(73.28, 17.0)
(74.24, 17.99)
(75.22, 18.52)
(76.09, 18.61)
(77.29, 16.9)
(78.21, 19.4)
(79.4, 19.43)
(80.31, 20.84)
(81.26, 21.92)
(82.57, 22.76)
(83.62, 22.87)
(84.71, 22.55)
(85.97, 24.32)
(86.91, 24.87)
(88.37, 25.88)
(89.37, 26.63)
(90.42, 26.75)
(91.91, 27.71)
(92.77, 28.46)
(93.64, 29.32)
(94.64, 29.41)
(95.61, 29.95)
(96.73, 31.55)
(97.83, 32.1)
(98.73, 32.84)
(99.92, 34.42)
(100.85, 34.47)
(101.81, 35.27)
(102.97, 36.83)
(104.24, 37.64)
(105.65, 38.25)
(106.85, 39.68)
(107.76, 40.37)
(108.58, 41.29)
(109.44, 42.09)
(110.38, 42.49)
(111.22, 43.34)
(112.1, 43.88)
(113.26, 45.37)
(114.14, 44.95)
(115.53, 47.06)
(116.36, 47.8)
(117.74, 49.87)
(118.62, 50.61)

(0.0, 0.0)
(1.25, -0.49)
(2.24, -1.19)
(3.91, -0.28)
(4.87, -0.98)
(7.06, 0.37)
(8.22, 0.67)
(9.04, -0.08)
(9.97, 1.05)
(10.99, 0.73)
(11.9, 0.09)
(12.97, 1.86)
(14.3, 0.69)
(15.15, 1.88)
(16.16, 1.65)
(17.92, 2.31)
(18.91, 1.68)
(20.22, 2.46)
(21.44, 3.25)
(22.99, 3.07)
(24.07, 2.86)
(25.32, 3.5)
(26.41, 3.58)
(27.52, 3.91)
(28.63, 4.22)
(29.77, 4.88)
(30.73, 4.59)
(31.8, 4.96)
(32.67, 4.15)
(34.12, 5.49)
(35.28, 4.82)
(36.56, 5.78)
(37.65, 5.82)
(38.85, 6.67)
(39.81, 5.87)
(41.69, 7.71)
(42.74, 7.1)
(43.96, 8.2)
(45.01, 8.43)
(46.09, 8.69)
(47.18, 8.3)
(48.37, 9.6)
(49.27, 9.33)
(50.21, 7.5)
(52.79, 10.88)
(53.9, 11.17)
(54.91, 10.83)
(56.1, 11.46)
(57.2, 12.51)
(58.29, 12.77)
(59.42, 13.39)
(60.44, 13.51)
(61.55, 14.14)
(62.59, 14.09)
(63.73, 14.21)
(65.34, 16.36)
(67.02, 15.64)
(68.13, 15.34)
(69.08, 16.23)
(70.09, 17.71)
(71.15, 17.88)
(72.18, 18.37)
(73.83, 17.92)
(74.71, 20.27)
(75.9, 18.97)
(76.73, 21.3)
(77.9, 20.92)
(79.53, 21.13)
(80.96, 22.78)
(82.62, 23.07)
(83.54, 24.32)
(84.64, 24.33)
(85.73, 24.42)
(87.2, 25.66)
(88.06, 26.54)
(89.1, 27.02)
(90.64, 27.17)
(92.07, 28.26)
(92.98, 29.41)
(93.93, 29.84)
(94.85, 30.71)
(96.2, 31.82)
(97.0, 30.66)
(98.07, 32.95)
(99.57, 33.47)
(100.58, 33.71)
(102.05, 34.33)
(103.2, 34.53)
(104.07, 36.77)
(105.28, 36.8)
(106.57, 37.98)
(107.51, 38.57)
(109.74, 38.87)
(110.6, 41.36)
(111.66, 41.6)
(113.07, 42.19)
(114.44, 43.07)
(115.6, 44.4)
(116.42, 45.31)
(117.73, 46.23)
(119.02, 47.28)

(0.0, 0.0)
(1.38, 0.61)
(2.31, -0.18)
(3.6, 0.09)
(5.11, 0.89)
(6.33, 1.31)
(8.37, 2.59)
(9.28, 1.91)
(11.96, 1.98)
(13.29, 2.66)
(14.81, 2.09)
(15.91, 2.27)
(17.08, 2.65)
(18.51, 1.94)
(19.55, 3.63)
(20.61, 3.47)
(21.73, 3.69)
(22.93, 3.94)
(24.0, 4.06)
(25.59, 3.88)
(27.86, 4.82)
(28.75, 4.03)
(29.84, 4.8)
(32.04, 4.71)
(33.01, 6.93)
(34.18, 6.76)
(35.3, 7.4)
(36.33, 7.19)
(37.4, 7.38)
(38.5, 7.57)
(39.43, 7.3)
(40.25, 8.91)
(41.17, 8.15)
(42.19, 8.53)
(43.33, 9.07)
(44.39, 9.31)
(45.64, 11.04)
(46.91, 9.89)
(48.67, 10.73)
(49.81, 12.45)
(50.86, 11.74)
(51.9, 11.47)
(52.94, 11.66)
(54.13, 13.25)
(55.09, 12.9)
(56.26, 14.5)
(57.23, 15.15)
(58.24, 15.31)
(60.4, 15.62)
(61.48, 16.21)
(62.46, 16.8)
(63.58, 17.92)
(64.57, 18.08)
(65.6, 17.79)
(66.67, 17.86)
(67.71, 19.36)
(68.76, 19.05)
(69.71, 19.62)
(70.79, 19.8)
(71.71, 21.77)
(72.69, 21.87)
(73.66, 23.24)
(74.67, 23.85)
(75.62, 23.06)
(77.06, 25.43)
(78.16, 25.1)
(79.69, 25.73)
(80.74, 25.7)
(81.62, 27.01)
(82.49, 28.38)
(83.57, 27.94)
(85.02, 29.3)
(86.1, 29.39)
(87.15, 29.82)
(87.97, 31.05)
(89.04, 31.12)
(90.9, 32.79)
(91.84, 33.25)
(93.31, 33.75)
(94.62, 34.97)
(95.45, 36.24)
(96.85, 36.96)
(97.82, 37.47)
(98.75, 38.11)
(99.79, 39.95)
(101.38, 40.35)
(102.46, 40.56)
(103.31, 41.31)
(104.54, 42.63)
(105.89, 43.75)
(106.8, 44.59)
(107.67, 45.48)
(108.67, 45.81)
(109.96, 46.87)
(110.92, 47.24)
(111.98, 47.61)
(113.49, 49.68)
(114.65, 50.0)
(115.68, 51.66)
(116.71, 52.04)
(117.79, 53.38)
(118.75, 54.94)

(0.0, 0.0)
(1.78, 0.72)
(2.86, 0.56)
(3.76, 1.12)
(5.04, -0.33)
(6.67, 1.25)
(7.75, 1.1)
(8.74, 2.16)
(9.84, 2.04)
(10.67, 1.13)
(12.26, 2.44)
(13.37, 2.63)
(14.71, 3.35)
(16.84, 3.34)
(18.18, 2.21)
(19.36, 2.39)
(20.24, 3.93)
(21.5, 2.31)
(23.44, 3.73)
(24.8, 4.61)
(26.01, 4.97)
(26.88, 4.07)
(28.25, 5.28)
(29.78, 4.72)
(30.63, 3.39)
(32.19, 5.72)
(33.21, 5.48)
(34.45, 6.08)
(35.59, 4.54)
(37.56, 6.17)
(38.83, 7.52)
(39.91, 7.31)
(42.2, 7.73)
(43.68, 7.42)
(44.97, 8.67)
(45.95, 7.89)
(47.15, 8.1)
(49.51, 10.05)
(50.59, 9.2)
(51.75, 10.01)
(52.83, 10.54)
(54.05, 11.74)
(55.04, 10.93)
(56.23, 12.6)
(57.22, 11.78)
(58.27, 12.96)
(59.35, 12.7)
(60.28, 12.87)
(61.43, 13.54)
(63.23, 14.83)
(64.87, 16.4)
(66.02, 16.57)
(68.16, 17.7)
(69.13, 18.26)
(70.69, 18.95)
(71.74, 19.52)
(73.37, 20.19)
(74.31, 20.2)
(75.38, 21.68)
(76.37, 21.39)
(77.39, 22.07)
(78.39, 22.49)
(79.39, 22.64)
(80.29, 24.08)
(81.3, 24.62)
(82.28, 24.82)
(83.2, 25.72)
(84.17, 26.7)
(85.18, 27.18)
(86.18, 27.29)
(87.09, 28.68)
(88.12, 28.7)
(89.02, 29.95)
(90.12, 29.76)
(90.99, 30.55)
(93.34, 32.75)
(94.22, 33.5)
(95.35, 33.12)
(96.15, 34.58)
(96.97, 35.38)
(98.05, 35.74)
(99.58, 35.9)
(100.71, 37.72)
(102.16, 38.52)
(103.2, 38.93)
(104.19, 40.78)
(105.27, 41.14)
(106.32, 41.62)
(108.15, 42.6)
(109.48, 43.51)
(110.86, 44.44)
(111.82, 44.78)
(112.9, 46.74)
(113.86, 47.19)
(114.72, 47.85)
(115.7, 48.26)
(117.22, 50.14)
(118.08, 50.87)
(119.18, 52.16)
(120.34, 52.37)

(0.0, 0.0)
(1.05, 1.52)
(3.68, 0.81)
(5.12, 1.37)
(7.11, 2.21)
(8.38, 2.63)
(9.44, 2.29)
(10.77, 1.36)
(11.67, 2.45)
(13.23, 1.99)
(14.12, 3.08)
(15.48, 2.23)
(16.33, 3.23)
(17.61, 4.03)
(19.52, 3.07)
(20.75, 3.81)
(21.88, 4.07)
(23.15, 4.68)
(24.75, 4.61)
(25.83, 4.41)
(26.76, 4.02)
(28.66, 5.3)
(29.84, 5.6)
(30.7, 4.75)
(32.64, 6.49)
(33.65, 5.81)
(35.24, 5.65)
(36.23, 6.49)
(37.04, 4.62)
(38.74, 7.54)
(39.7, 6.8)
(40.9, 8.05)
(41.99, 7.7)
(43.22, 9.06)
(44.17, 8.64)
(45.35, 9.52)
(46.32, 8.25)
(47.47, 9.48)
(48.59, 10.51)
(49.74, 10.85)
(51.3, 10.68)
(52.36, 10.88)
(53.6, 12.59)
(55.22, 12.29)
(56.26, 12.47)
(57.4, 13.57)
(58.43, 13.76)
(59.55, 13.55)
(60.6, 14.08)
(61.68, 14.81)
(62.83, 14.97)
(63.85, 14.66)
(64.92, 16.21)
(66.0, 16.8)
(67.02, 17.0)
(69.23, 17.38)
(70.32, 17.93)
(71.39, 19.06)
(72.48, 19.62)
(73.61, 19.79)
(74.59, 20.77)
(76.12, 21.28)
(77.07, 22.74)
(78.22, 21.9)
(79.1, 23.73)
(80.13, 23.96)
(81.15, 24.44)
(82.22, 24.53)
(83.16, 24.98)
(84.12, 25.86)
(85.11, 26.4)
(86.13, 26.47)
(87.06, 27.74)
(88.52, 28.3)
(89.61, 28.39)
(90.43, 29.67)
(91.92, 30.34)
(92.8, 31.26)
(93.86, 31.73)
(95.2, 32.93)
(96.31, 33.04)
(97.54, 35.0)
(98.62, 35.05)
(99.48, 35.81)
(100.44, 36.18)
(101.75, 37.4)
(102.58, 38.4)
(103.52, 38.72)
(104.45, 39.66)
(105.54, 40.05)
(106.89, 41.03)
(107.69, 42.16)
(109.23, 42.6)
(110.35, 43.85)
(111.67, 44.78)
(112.81, 46.27)
(113.83, 46.39)
(114.8, 47.01)
(116.13, 47.89)
(117.65, 48.6)
(118.62, 50.36)
(119.9, 51.54)

(0.0, 0.0)
(1.01, -0.03)
(2.15, -0.07)
(3.19, -0.63)
(4.95, 0.67)
(6.39, 1.28)
(7.47, 1.12)
(8.76, 1.87)
(9.67, 1.22)
(10.69, 1.2)
(12.06, 2.05)
(13.22, 2.35)
(14.59, 1.62)
(15.99, 1.06)
(17.01, 2.65)
(18.2, 3.14)
(19.03, 4.12)
(19.83, 3.01)
(21.02, 3.56)
(22.42, 4.5)
(23.23, 3.63)
(24.14, 2.81)
(25.24, 5.47)
(26.26, 5.29)
(27.08, 4.04)
(28.89, 5.02)
(30.03, 5.14)
(31.18, 4.91)
(32.67, 5.25)
(33.58, 6.88)
(34.68, 7.08)
(35.55, 6.41)
(36.75, 7.89)
(39.36, 6.74)
(40.69, 8.03)
(41.71, 8.6)
(42.78, 9.33)
(43.9, 9.25)
(45.01, 10.33)
(46.04, 10.13)
(46.99, 9.85)
(47.82, 11.93)
(48.71, 11.74)
(50.39, 12.96)
(51.34, 12.34)
(52.37, 12.55)
(53.38, 13.32)
(54.52, 13.91)
(55.38, 13.26)
(56.55, 13.65)
(57.72, 15.13)
(58.88, 15.95)
(60.84, 15.84)
(61.85, 17.51)
(62.95, 17.88)
(63.89, 18.75)
(64.91, 18.55)
(65.87, 20.4)
(67.47, 20.6)
(68.43, 20.35)
(69.4, 22.69)
(70.4, 22.66)
(71.47, 22.99)
(72.39, 24.25)
(73.42, 24.48)
(74.38, 25.45)
(75.39, 25.21)
(76.31, 26.2)
(77.23, 27.19)
(79.14, 27.85)
(80.14, 28.04)
(81.03, 28.99)
(82.38, 29.96)
(83.4, 31.01)
(84.42, 30.96)
(85.31, 32.29)
(86.24, 32.94)
(87.75, 33.55)
(88.6, 34.42)
(89.51, 35.24)
(90.39, 35.93)
(91.31, 37.01)
(92.7, 37.85)
(94.16, 38.43)
(95.43, 39.23)
(96.51, 41.42)
(97.43, 42.12)
(98.99, 42.3)
(100.14, 43.86)
(101.05, 44.8)
(101.89, 45.59)
(103.01, 46.77)
(104.25, 46.61)
(105.44, 47.92)
(106.76, 49.25)
(108.19, 51.1)
(110.97, 52.58)
(112.98, 53.28)
(113.82, 55.32)
(114.96, 58.16)
(115.98, 57.36)
(116.98, 60.26)
(117.99, 61.84)
(119.13, 63.02)
(119.97, 63.64)

(0.0, 0.0)
(1.16, 0.7)
(2.42, 1.29)
(3.28, 1.92)
(5.35, 2.5)
(6.62, 1.44)
(8.0, 2.08)
(9.41, 1.52)
(10.31, 2.76)
(11.49, 3.06)
(13.14, 3.43)
(14.25, 3.37)
(15.1, 4.37)
(16.13, 4.2)
(17.19, 3.99)
(18.12, 3.69)
(20.16, 4.73)
(21.4, 5.86)
(22.82, 5.28)
(23.87, 5.1)
(25.25, 6.76)
(26.32, 6.5)
(27.49, 7.07)
(28.46, 6.41)
(29.7, 6.82)
(30.63, 6.41)
(31.88, 7.24)
(33.53, 7.65)
(34.82, 8.81)
(35.98, 7.22)
(36.98, 6.86)
(37.97, 9.07)
(39.25, 9.83)
(40.21, 9.15)
(41.6, 11.32)
(42.55, 11.04)
(43.55, 9.95)
(44.64, 10.63)
(45.83, 11.35)
(48.07, 13.18)
(49.1, 12.07)
(50.16, 12.31)
(51.33, 12.95)
(52.45, 13.7)
(53.47, 14.38)
(54.34, 13.61)
(55.56, 13.83)
(56.83, 15.61)
(57.97, 16.21)
(59.16, 16.88)
(60.12, 16.55)
(61.19, 17.23)
(62.26, 18.26)
(63.8, 18.95)
(64.88, 18.6)
(65.95, 20.12)
(66.98, 19.31)
(68.07, 20.4)
(69.07, 21.36)
(70.09, 21.1)
(71.15, 22.16)
(72.61, 23.19)
(73.76, 22.4)
(74.59, 24.69)
(75.68, 24.83)
(76.74, 25.43)
(77.77, 25.94)
(78.74, 26.01)
(79.72, 26.93)
(80.74, 27.02)
(81.8, 27.59)
(82.76, 28.45)
(83.76, 28.84)
(84.76, 29.23)
(85.7, 30.22)
(86.78, 30.21)
(87.62, 31.87)
(88.65, 32.32)
(89.64, 32.68)
(91.19, 33.18)
(92.18, 33.62)
(93.31, 33.57)
(94.46, 35.68)
(95.65, 35.26)
(96.51, 36.49)
(97.34, 37.0)
(98.78, 38.0)
(99.71, 38.59)
(100.68, 39.05)
(101.6, 39.74)
(102.58, 40.19)
(103.73, 41.74)
(104.69, 42.35)
(105.77, 42.63)
(107.11, 43.71)
(108.07, 44.06)
(109.03, 44.38)
(110.64, 46.25)
(111.73, 46.36)
(112.74, 48.13)
(113.71, 48.62)
(114.61, 49.26)
(116.17, 50.96)
(117.29, 51.1)
(120.2, 53.64)
(121.04, 54.43)

(0.0, 0.0)
(1.45, 0.51)
(2.89, 1.29)
(3.71, -0.28)
(4.77, 0.97)
(6.16, 0.68)
(7.44, 1.12)
(8.69, 1.64)
(9.74, 1.5)
(10.68, 1.19)
(11.66, 2.37)
(13.27, 2.13)
(14.3, 1.92)
(15.7, 2.71)
(16.84, 2.94)
(17.78, 2.37)
(18.73, 3.92)
(20.25, 3.47)
(21.38, 3.51)
(23.39, 3.5)
(24.94, 5.31)
(26.05, 5.59)
(26.88, 4.35)
(28.15, 5.04)
(29.85, 5.98)
(30.98, 6.58)
(32.02, 6.37)
(33.15, 6.48)
(34.57, 6.42)
(35.56, 5.7)
(36.38, 7.3)
(37.21, 7.98)
(38.22, 7.84)
(39.37, 8.47)
(40.26, 7.33)
(41.45, 8.6)
(43.35, 9.44)
(44.38, 9.8)
(46.61, 11.52)
(47.66, 11.4)
(48.71, 11.99)
(49.73, 11.82)
(51.47, 13.56)
(52.34, 12.79)
(53.39, 12.62)
(54.61, 14.3)
(55.64, 14.15)
(56.75, 15.26)
(57.92, 16.4)
(58.97, 16.11)
(61.01, 17.88)
(62.12, 19.02)
(63.11, 19.18)
(64.14, 19.49)
(65.12, 19.62)
(66.61, 19.83)
(67.62, 21.01)
(68.6, 21.64)
(69.58, 21.8)
(71.63, 23.31)
(72.58, 23.99)
(74.06, 24.36)
(75.05, 25.26)
(75.99, 25.82)
(77.02, 26.67)
(77.94, 28.34)
(79.0, 27.6)
(79.91, 28.85)
(80.86, 29.87)
(81.96, 29.56)
(82.9, 30.49)
(83.9, 30.91)
(85.35, 32.14)
(86.34, 32.62)
(87.74, 33.62)
(88.81, 33.66)
(89.66, 34.97)
(90.98, 36.54)
(92.09, 36.18)
(92.9, 37.45)
(95.74, 38.95)
(97.02, 40.23)
(98.06, 40.31)
(99.28, 42.08)
(100.28, 42.73)
(101.31, 42.79)
(102.13, 43.94)
(103.26, 45.31)
(104.33, 45.73)
(105.67, 46.82)
(106.93, 47.97)
(107.81, 48.6)
(108.75, 48.97)
(109.7, 49.31)
(110.82, 50.81)
(111.64, 51.51)
(112.66, 52.05)
(113.75, 53.41)
(114.59, 54.17)
(116.04, 55.07)
(116.93, 55.62)
(117.82, 56.48)
(118.62, 57.72)
(120.03, 59.85)

(0.0, 0.0)
(0.93, -0.15)
(2.4, -0.8)
(4.01, 0.06)
(5.6, -0.61)
(6.68, -0.76)
(7.91, -0.3)
(9.42, 1.06)
(10.75, 1.73)
(11.84, 1.61)
(12.74, 0.87)
(14.05, 1.21)
(15.66, 1.48)
(16.81, 1.78)
(17.81, 1.45)
(19.02, 1.61)
(20.26, 2.36)
(22.23, 3.78)
(23.24, 3.46)
(24.52, 4.14)
(25.43, 3.34)
(27.32, 4.28)
(28.15, 3.56)
(29.52, 4.67)
(30.48, 3.91)
(31.66, 4.72)
(32.7, 4.13)
(33.84, 4.63)
(34.96, 5.43)
(36.46, 4.77)
(37.83, 5.74)
(38.91, 5.94)
(39.79, 8.03)
(40.7, 6.81)
(42.83, 7.28)
(44.42, 7.57)
(45.64, 8.3)
(46.67, 7.98)
(47.94, 9.7)
(49.02, 9.52)
(49.95, 8.19)
(51.14, 9.79)
(52.18, 9.56)
(53.27, 11.21)
(54.84, 10.54)
(56.05, 11.8)
(57.17, 12.42)
(58.38, 13.15)
(59.42, 13.22)
(60.49, 13.96)
(62.12, 15.18)
(63.2, 15.26)
(64.2, 14.44)
(65.18, 15.55)
(66.81, 16.76)
(67.8, 17.25)
(69.39, 17.55)
(70.51, 17.64)
(71.52, 19.15)
(72.5, 19.31)
(74.02, 19.89)
(75.13, 19.56)
(76.08, 21.0)
(77.71, 21.62)
(78.64, 22.96)
(79.69, 23.54)
(80.74, 23.52)
(81.8, 24.14)
(82.92, 23.77)
(83.8, 25.09)
(84.77, 25.63)
(85.73, 26.52)
(86.72, 27.43)
(88.11, 28.45)
(89.06, 29.35)
(90.18, 28.96)
(91.16, 29.54)
(92.38, 30.71)
(93.88, 31.47)
(94.8, 32.1)
(95.76, 32.37)
(96.6, 33.3)
(97.46, 34.46)
(98.94, 35.01)
(99.87, 35.68)
(101.21, 36.91)
(102.71, 37.32)
(103.72, 39.12)
(104.83, 39.43)
(105.72, 40.5)
(106.83, 40.64)
(108.13, 41.54)
(109.64, 42.05)
(110.48, 43.12)
(111.44, 43.44)
(112.71, 44.88)
(113.56, 45.81)
(114.71, 45.95)
(116.08, 46.77)
(117.11, 48.43)
(118.54, 49.49)
(119.66, 49.63)

